

printing delta_clb_to_clb
0.00e+00	7.01e-11	1.40e-10	2.10e-10	2.80e-10	3.50e-10	4.20e-10	4.90e-10	5.61e-10	6.31e-10	7.05e-10	
7.01e-11	1.40e-10	2.10e-10	2.80e-10	3.50e-10	4.20e-10	4.90e-10	5.54e-10	6.24e-10	6.35e-10	7.05e-10	
1.40e-10	2.10e-10	2.80e-10	3.50e-10	4.20e-10	4.90e-10	5.61e-10	6.24e-10	6.41e-10	7.05e-10	7.75e-10	
2.10e-10	2.80e-10	3.50e-10	4.20e-10	4.90e-10	5.61e-10	6.31e-10	6.95e-10	7.35e-10	8.05e-10	8.45e-10	
2.80e-10	3.50e-10	4.20e-10	4.90e-10	5.71e-10	6.24e-10	6.41e-10	7.35e-10	7.35e-10	8.05e-10	8.88e-10	
3.50e-10	4.20e-10	4.90e-10	5.61e-10	6.24e-10	6.95e-10	7.11e-10	8.05e-10	8.05e-10	8.75e-10	9.58e-10	
4.20e-10	4.90e-10	5.61e-10	6.31e-10	6.41e-10	7.11e-10	7.81e-10	8.75e-10	8.75e-10	9.45e-10	1.03e-09	
4.90e-10	5.54e-10	6.24e-10	6.95e-10	7.35e-10	8.05e-10	8.75e-10	9.25e-10	9.15e-10	9.85e-10	1.03e-09	
5.61e-10	6.24e-10	6.41e-10	7.35e-10	7.35e-10	8.05e-10	8.75e-10	9.15e-10	9.15e-10	9.85e-10	1.07e-09	
6.31e-10	6.35e-10	7.05e-10	8.05e-10	8.05e-10	8.75e-10	9.45e-10	9.85e-10	9.85e-10	1.05e-09	1.14e-09	
7.05e-10	7.05e-10	7.75e-10	8.45e-10	8.88e-10	9.58e-10	1.03e-09	1.03e-09	1.07e-09	1.14e-09	1.21e-09	


printing delta_inpad_to_clb
-1.00e+00	0.00e+00	0.00e+00	0.00e+00	0.00e+00	0.00e+00	0.00e+00	0.00e+00	0.00e+00	0.00e+00	0.00e+00	0.00e+00	
0.00e+00	0.00e+00	0.00e+00	0.00e+00	0.00e+00	0.00e+00	0.00e+00	0.00e+00	0.00e+00	0.00e+00	0.00e+00	0.00e+00	
0.00e+00	0.00e+00	0.00e+00	0.00e+00	0.00e+00	0.00e+00	0.00e+00	0.00e+00	0.00e+00	0.00e+00	0.00e+00	0.00e+00	
0.00e+00	0.00e+00	0.00e+00	0.00e+00	0.00e+00	0.00e+00	0.00e+00	0.00e+00	0.00e+00	0.00e+00	0.00e+00	0.00e+00	
0.00e+00	0.00e+00	0.00e+00	0.00e+00	0.00e+00	0.00e+00	0.00e+00	0.00e+00	0.00e+00	0.00e+00	0.00e+00	0.00e+00	
0.00e+00	0.00e+00	0.00e+00	0.00e+00	0.00e+00	0.00e+00	0.00e+00	0.00e+00	0.00e+00	0.00e+00	0.00e+00	0.00e+00	
0.00e+00	0.00e+00	0.00e+00	0.00e+00	0.00e+00	0.00e+00	0.00e+00	0.00e+00	0.00e+00	0.00e+00	0.00e+00	0.00e+00	
0.00e+00	0.00e+00	0.00e+00	0.00e+00	0.00e+00	0.00e+00	0.00e+00	0.00e+00	0.00e+00	0.00e+00	0.00e+00	0.00e+00	
0.00e+00	0.00e+00	0.00e+00	0.00e+00	0.00e+00	0.00e+00	0.00e+00	0.00e+00	0.00e+00	0.00e+00	0.00e+00	0.00e+00	
0.00e+00	0.00e+00	0.00e+00	0.00e+00	0.00e+00	0.00e+00	0.00e+00	0.00e+00	0.00e+00	0.00e+00	0.00e+00	0.00e+00	
0.00e+00	0.00e+00	0.00e+00	0.00e+00	0.00e+00	0.00e+00	0.00e+00	0.00e+00	0.00e+00	0.00e+00	0.00e+00	0.00e+00	
0.00e+00	0.00e+00	0.00e+00	0.00e+00	0.00e+00	0.00e+00	0.00e+00	0.00e+00	0.00e+00	0.00e+00	0.00e+00	-1.00e+00	


printing delta_clb_to_outpad
-1.00e+00	0.00e+00	0.00e+00	0.00e+00	0.00e+00	0.00e+00	0.00e+00	0.00e+00	0.00e+00	0.00e+00	0.00e+00	0.00e+00	
0.00e+00	0.00e+00	0.00e+00	0.00e+00	0.00e+00	0.00e+00	0.00e+00	0.00e+00	0.00e+00	0.00e+00	0.00e+00	0.00e+00	
0.00e+00	0.00e+00	0.00e+00	0.00e+00	0.00e+00	0.00e+00	0.00e+00	0.00e+00	0.00e+00	0.00e+00	0.00e+00	0.00e+00	
0.00e+00	0.00e+00	0.00e+00	0.00e+00	0.00e+00	0.00e+00	0.00e+00	0.00e+00	0.00e+00	0.00e+00	0.00e+00	0.00e+00	
0.00e+00	0.00e+00	0.00e+00	0.00e+00	0.00e+00	0.00e+00	0.00e+00	0.00e+00	0.00e+00	0.00e+00	0.00e+00	0.00e+00	
0.00e+00	0.00e+00	0.00e+00	0.00e+00	0.00e+00	0.00e+00	0.00e+00	0.00e+00	0.00e+00	0.00e+00	0.00e+00	0.00e+00	
0.00e+00	0.00e+00	0.00e+00	0.00e+00	0.00e+00	0.00e+00	0.00e+00	0.00e+00	0.00e+00	0.00e+00	0.00e+00	0.00e+00	
0.00e+00	0.00e+00	0.00e+00	0.00e+00	0.00e+00	0.00e+00	0.00e+00	0.00e+00	0.00e+00	0.00e+00	0.00e+00	0.00e+00	
0.00e+00	0.00e+00	0.00e+00	0.00e+00	0.00e+00	0.00e+00	0.00e+00	0.00e+00	0.00e+00	0.00e+00	0.00e+00	0.00e+00	
0.00e+00	0.00e+00	0.00e+00	0.00e+00	0.00e+00	0.00e+00	0.00e+00	0.00e+00	0.00e+00	0.00e+00	0.00e+00	0.00e+00	
0.00e+00	0.00e+00	0.00e+00	0.00e+00	0.00e+00	0.00e+00	0.00e+00	0.00e+00	0.00e+00	0.00e+00	0.00e+00	0.00e+00	
0.00e+00	0.00e+00	0.00e+00	0.00e+00	0.00e+00	0.00e+00	0.00e+00	0.00e+00	0.00e+00	0.00e+00	0.00e+00	-1.00e+00	


printing delta_inpad_to_outpad
0.00e+00	2.10e-10	2.80e-10	3.50e-10	4.20e-10	4.90e-10	5.61e-10	6.31e-10	7.01e-10	7.71e-10	8.41e-10	-1.00e+00	8.45e-10	
2.10e-10	1.40e-10	2.10e-10	2.80e-10	3.50e-10	4.20e-10	4.90e-10	5.61e-10	6.31e-10	7.01e-10	7.71e-10	8.45e-10	8.45e-10	
2.80e-10	2.10e-10	2.80e-10	3.50e-10	4.20e-10	4.90e-10	5.61e-10	6.31e-10	7.01e-10	7.71e-10	7.65e-10	8.45e-10	9.15e-10	
3.50e-10	2.80e-10	3.50e-10	4.20e-10	4.90e-10	5.61e-10	6.31e-10	7.01e-10	7.71e-10	8.41e-10	8.35e-10	9.15e-10	9.86e-10	
4.20e-10	3.50e-10	4.20e-10	4.90e-10	5.61e-10	6.31e-10	7.01e-10	7.71e-10	8.45e-10	9.15e-10	9.05e-10	9.86e-10	9.39e-10	
4.90e-10	4.20e-10	4.90e-10	5.61e-10	6.31e-10	7.01e-10	7.71e-10	7.58e-10	8.45e-10	9.15e-10	9.75e-10	9.39e-10	1.01e-09	
5.61e-10	4.90e-10	5.61e-10	6.31e-10	7.01e-10	7.71e-10	8.41e-10	8.35e-10	9.22e-10	9.92e-10	1.04e-09	1.01e-09	1.08e-09	
6.31e-10	5.61e-10	6.31e-10	7.01e-10	7.71e-10	8.41e-10	9.11e-10	8.99e-10	9.86e-10	1.06e-09	1.11e-09	1.08e-09	1.17e-09	
7.01e-10	6.31e-10	7.01e-10	7.71e-10	8.45e-10	9.15e-10	8.82e-10	9.69e-10	1.03e-09	1.10e-09	1.17e-09	1.17e-09	1.12e-09	
7.71e-10	7.01e-10	7.71e-10	7.58e-10	8.45e-10	9.15e-10	9.75e-10	9.39e-10	1.03e-09	1.10e-09	1.17e-09	1.12e-09	1.20e-09	
8.41e-10	7.71e-10	8.41e-10	8.35e-10	9.05e-10	9.75e-10	1.04e-09	1.01e-09	1.08e-09	1.16e-09	1.23e-09	1.20e-09	1.25e-09	
-1.00e+00	8.41e-10	9.11e-10	8.99e-10	9.58e-10	1.03e-09	1.10e-09	1.14e-09	1.14e-09	1.21e-09	1.28e-09	1.25e-09	-1.00e+00	
8.45e-10	8.45e-10	9.15e-10	9.86e-10	9.39e-10	1.01e-09	1.08e-09	1.15e-09	1.12e-09	1.20e-09	1.25e-09	-1.00e+00	-1.00e+00	
