

printing delta_clb_to_clb
0.00e+00	7.01e-11	1.40e-10	2.10e-10	2.80e-10	3.50e-10	4.20e-10	4.90e-10	
7.01e-11	1.40e-10	2.10e-10	2.80e-10	3.50e-10	4.20e-10	4.90e-10	5.62e-10	
1.40e-10	2.10e-10	2.80e-10	3.50e-10	4.20e-10	4.90e-10	5.61e-10	6.32e-10	
2.10e-10	2.80e-10	3.50e-10	4.20e-10	4.90e-10	5.61e-10	6.31e-10	7.02e-10	
2.80e-10	3.50e-10	4.20e-10	4.90e-10	5.54e-10	6.24e-10	6.41e-10	7.11e-10	
3.50e-10	4.20e-10	4.90e-10	5.61e-10	6.24e-10	6.95e-10	7.11e-10	7.81e-10	
4.20e-10	4.90e-10	5.61e-10	6.31e-10	6.41e-10	7.11e-10	7.81e-10	8.51e-10	
4.90e-10	5.62e-10	6.32e-10	7.02e-10	7.11e-10	7.81e-10	8.51e-10	9.15e-10	


printing delta_inpad_to_clb
-1.00e+00	0.00e+00	0.00e+00	0.00e+00	0.00e+00	0.00e+00	0.00e+00	0.00e+00	0.00e+00	
0.00e+00	0.00e+00	0.00e+00	0.00e+00	0.00e+00	0.00e+00	0.00e+00	0.00e+00	0.00e+00	
0.00e+00	0.00e+00	0.00e+00	0.00e+00	0.00e+00	0.00e+00	0.00e+00	0.00e+00	0.00e+00	
0.00e+00	0.00e+00	0.00e+00	0.00e+00	0.00e+00	0.00e+00	0.00e+00	0.00e+00	0.00e+00	
0.00e+00	0.00e+00	0.00e+00	0.00e+00	0.00e+00	0.00e+00	0.00e+00	0.00e+00	0.00e+00	
0.00e+00	0.00e+00	0.00e+00	0.00e+00	0.00e+00	0.00e+00	0.00e+00	0.00e+00	0.00e+00	
0.00e+00	0.00e+00	0.00e+00	0.00e+00	0.00e+00	0.00e+00	0.00e+00	0.00e+00	0.00e+00	
0.00e+00	0.00e+00	0.00e+00	0.00e+00	0.00e+00	0.00e+00	0.00e+00	0.00e+00	0.00e+00	
0.00e+00	0.00e+00	0.00e+00	0.00e+00	0.00e+00	0.00e+00	0.00e+00	0.00e+00	-1.00e+00	


printing delta_clb_to_outpad
-1.00e+00	0.00e+00	0.00e+00	0.00e+00	0.00e+00	0.00e+00	0.00e+00	0.00e+00	0.00e+00	
0.00e+00	0.00e+00	0.00e+00	0.00e+00	0.00e+00	0.00e+00	0.00e+00	0.00e+00	0.00e+00	
0.00e+00	0.00e+00	0.00e+00	0.00e+00	0.00e+00	0.00e+00	0.00e+00	0.00e+00	0.00e+00	
0.00e+00	0.00e+00	0.00e+00	0.00e+00	0.00e+00	0.00e+00	0.00e+00	0.00e+00	0.00e+00	
0.00e+00	0.00e+00	0.00e+00	0.00e+00	0.00e+00	0.00e+00	0.00e+00	0.00e+00	0.00e+00	
0.00e+00	0.00e+00	0.00e+00	0.00e+00	0.00e+00	0.00e+00	0.00e+00	0.00e+00	0.00e+00	
0.00e+00	0.00e+00	0.00e+00	0.00e+00	0.00e+00	0.00e+00	0.00e+00	0.00e+00	0.00e+00	
0.00e+00	0.00e+00	0.00e+00	0.00e+00	0.00e+00	0.00e+00	0.00e+00	0.00e+00	0.00e+00	
0.00e+00	0.00e+00	0.00e+00	0.00e+00	0.00e+00	0.00e+00	0.00e+00	0.00e+00	-1.00e+00	


printing delta_inpad_to_outpad
0.00e+00	2.10e-10	2.80e-10	3.50e-10	4.20e-10	4.90e-10	5.61e-10	6.31e-10	-1.00e+00	6.31e-10	
2.10e-10	1.40e-10	2.10e-10	2.80e-10	3.50e-10	4.20e-10	4.90e-10	5.61e-10	6.31e-10	7.01e-10	
2.80e-10	2.10e-10	2.80e-10	3.50e-10	4.20e-10	4.90e-10	5.61e-10	6.31e-10	7.01e-10	7.71e-10	
3.50e-10	2.80e-10	3.50e-10	4.20e-10	4.90e-10	5.61e-10	6.31e-10	7.01e-10	7.71e-10	8.45e-10	
4.20e-10	3.50e-10	4.20e-10	4.90e-10	5.61e-10	6.31e-10	7.01e-10	7.71e-10	8.45e-10	8.45e-10	
4.90e-10	4.20e-10	4.90e-10	5.61e-10	6.31e-10	7.01e-10	7.71e-10	7.58e-10	8.45e-10	9.22e-10	
5.61e-10	4.90e-10	5.61e-10	6.31e-10	7.01e-10	7.71e-10	8.41e-10	8.35e-10	9.22e-10	9.75e-10	
6.31e-10	5.61e-10	6.31e-10	7.01e-10	7.71e-10	8.41e-10	9.11e-10	8.99e-10	9.75e-10	1.03e-09	
-1.00e+00	6.31e-10	7.01e-10	7.71e-10	8.41e-10	9.11e-10	8.82e-10	9.69e-10	1.03e-09	-1.00e+00	
6.31e-10	7.01e-10	7.71e-10	8.45e-10	8.45e-10	9.22e-10	9.75e-10	1.03e-09	-1.00e+00	-1.00e+00	
